0.4340047836303711
0.48500609397888184
0.43900108337402344
0.41500377655029297
0.43307948112487793
0.43607211112976074
0.4440014362335205
0.4219503402709961
0.4260704517364502
0.4360005855560303
0.46699953079223633
0.44892001152038574
0.4399268627166748
0.43106961250305176
0.4359736442565918
0.43007922172546387
0.4240152835845947
0.4139995574951172
0.4510798454284668
0.46700000762939453
0.5530009269714355
0.46199941635131836
0.45908045768737793
0.4490010738372803
0.4380025863647461
0.42336463928222656
0.42099881172180176
0.42599987983703613
0.41800546646118164
0.4159996509552002
0.42299890518188477
0.4040720462799072
0.41699910163879395
0.44100141525268555
0.5150003433227539
0.42099785804748535
0.41199731826782227
0.412001371383667
0.42200160026550293
0.42807459831237793
0.4330005645751953
0.4281747341156006
0.45800042152404785
0.441011905670166
1.250917673110962
