0.37000250816345215
0.4100015163421631
0.37892913818359375
0.3529226779937744
0.36592745780944824
0.36893582344055176
0.3769993782043457
0.3530001640319824
0.3600015640258789
0.37093067169189453
0.40200018882751465
0.3829984664916992
0.36891961097717285
0.3670008182525635
0.3729994297027588
0.3639988899230957
0.3579981327056885
0.35199880599975586
0.384000301361084
0.3959228992462158
0.48200249671936035
0.38999366760253906
0.3930013179779053
0.38699889183044434
0.36499905586242676
0.3582935333251953
0.35492944717407227
0.35997772216796875
0.35300111770629883
0.35199999809265137
0.35700130462646484
0.33992695808410645
0.3519289493560791
0.377918004989624
0.44899773597717285
0.3560001850128174
0.3469986915588379
0.3490025997161865
0.35700201988220215
0.3659188747406006
0.36699748039245605
0.444000244140625
0.4030008316040039
0.36617159843444824
0.3939995765686035
0.3759281635284424
0.3999297618865967
0.3809993267059326
0.368999719619751
0.38500070571899414
1.2409992218017578
1.0759296417236328
